POINTS:
           Alex       Bob    Clara     Denis     Emma    Frida   George     Hank     Ivan     Jack    Kevin    Lucas      Max    Natan
Alex    20000.0  100000.0  20400.0  100000.0  96000.0  20400.0  28000.0  60008.0  92016.0  39924.0  40080.0  95492.0  60908.0  60084.0
Bob         0.0   60000.0  60000.0     300.0  57000.0  60000.0  60000.0  29787.0  53982.0  60000.0  45021.0  56511.0  30864.0  60000.0
Clara   19900.0   60000.0  60000.0   45000.0  58800.0  60000.0  60000.0  44937.0  57869.0  60000.0  44906.0  58537.0  41493.0  60000.0
Denis       0.0   99800.0  45000.0   40000.0  94000.0    900.0  47600.0  45063.0  88530.0  52585.0  45011.0  92898.0  50732.0  39820.0
Emma     1000.0   62000.0  59300.0    4000.0  58000.0   7100.0  59300.0  31783.0  55887.0  59966.0  45609.0  56488.0  32562.0  59213.0
Frida   19900.0   60000.0  60000.0   98900.0  92100.0  60000.0  60000.0  59790.0  89626.0  60000.0  40144.0  89792.0  58138.0  60000.0
George  18000.0   60000.0  60000.0   42100.0  58800.0  60000.0  60000.0  43390.0  57502.0  60000.0  45540.0  58373.0  40244.0  60000.0
Hank     9998.0   80142.0  45212.0   45108.0  76368.0  10700.0  48410.0  45004.5  72955.0  54028.0  44998.0  75588.0  45726.0  46227.0
Ivan     1996.0   64012.0  57924.0    8135.0  60902.0   5291.0  58277.0  33000.0  57827.0  59377.0  45407.0  60409.0  34025.0  57783.0
Jack    15019.0   60000.0  60000.0   37695.0  58356.0  60000.0  60000.0  41248.0  56872.0  60000.0  45737.0  58105.0  38605.0  60000.0
Kevin   14980.0   69986.0  45126.0   45131.0  67524.0  16254.0  50040.0  45208.0  65337.0  55917.0  44959.5  66291.0  43421.0  52584.0
Lucas    1127.0   62326.0  58617.0    4878.0  60283.0   9957.0  58888.0  32218.0  56009.0  59780.0  45656.0  58743.5  33247.0  58413.0
Max      9773.0   79424.0  41733.0   47537.0  75727.0  13713.0  45109.0  44371.0  72495.0  50725.0  43036.0  73857.0  41067.5  48652.0
Natan    9979.0   60000.0  60000.0   52775.0  58788.0  60000.0  60000.0  44467.0  57788.0  60000.0  45114.0  58058.0  43037.0  60000.0

WINS:
        Alex  Bob  Clara  Denis  Emma  Frida  George  Hank  Ivan  Jack  Kevin  Lucas  Max  Natan
Alex     0.5  1.0    1.0    1.0   1.0    1.0     1.0   1.0   1.0   1.0    1.0    1.0  1.0    1.0
Bob      0.0  0.5    0.5    0.0   0.0    0.5     0.5   0.0   0.0   0.5    0.0    0.0  0.0    0.5
Clara    0.0  0.5    0.5    0.5   0.0    0.5     0.5   0.0   0.0   0.5    0.0    0.0  0.0    0.5
Denis    0.0  1.0    0.5    0.5   1.0    0.0     1.0   0.5   1.0   1.0    0.0    1.0  1.0    0.0
Emma     0.0  1.0    1.0    0.0   0.5    0.0     1.0   0.0   0.0   1.0    0.0    1.0  0.0    1.0
Frida    0.0  0.5    0.5    1.0   1.0    0.5     0.5   1.0   1.0   0.5    1.0    1.0  1.0    0.5
George   0.0  0.5    0.5    0.0   0.0    0.5     0.5   0.0   0.0   0.5    0.0    0.0  0.0    0.5
Hank     0.0  1.0    1.0    0.5   1.0    0.0     1.0   0.5   1.0   1.0    0.0    1.0  1.0    1.0
Ivan     0.0  1.0    1.0    0.0   1.0    0.0     1.0   0.0   0.5   1.0    0.0    1.0  0.0    1.0
Jack     0.0  0.5    0.5    0.0   0.0    0.5     0.5   0.0   0.0   0.5    0.0    0.0  0.0    0.5
Kevin    0.0  1.0    1.0    1.0   1.0    0.0     1.0   1.0   1.0   1.0    0.5    1.0  1.0    1.0
Lucas    0.0  1.0    1.0    0.0   0.0    0.0     1.0   0.0   0.0   1.0    0.0    0.5  0.0    1.0
Max      0.0  1.0    1.0    0.0   1.0    0.0     1.0   0.0   1.0   1.0    0.0    1.0  0.5    1.0
Natan    0.0  0.5    0.5    1.0   0.0    0.5     0.5   0.0   0.0   0.5    0.0    0.0  0.0    0.5

MAX SERIA:
        Alex     Bob  Clara   Denis   Emma  Frida  George  Hank   Ivan  Jack  Kevin  Lucas    Max  Natan
Alex     0.0  200.00    1.0  200.00  19.00    1.0    1.00  7.01  35.27  3.41   3.51  28.98  19.50  16.25
Bob      0.0    0.00    0.0    0.00   0.00    0.0    0.00  0.00   0.00  0.00   0.00   0.00   0.00   0.00
Clara    0.0    0.00    0.0    1.00   1.00    0.0    0.00  1.00   1.00  0.00   1.00   1.00   1.00   0.00
Denis    0.0  199.00    1.0    0.00  18.00    1.0    1.00  6.34  34.67  3.84   3.50  26.97  18.44  14.16
Emma     0.0    1.00    1.0    0.00   0.00    1.0    1.00  1.00   1.00  1.00   1.00   0.85   1.00   1.00
Frida    0.0    0.00    0.0  197.00  19.00    0.0    0.00  6.80  30.31  0.00   3.55  28.12  18.89   0.00
George   0.0    0.00    0.0    1.00   1.00    0.0    0.00  1.00   1.00  0.00   1.00   1.00   1.00   0.00
Hank     0.0    6.96    1.0    6.13   6.20    1.0    1.92  3.63   6.00  2.74   2.57   6.09   5.51   4.81
Ivan     0.0    2.04    1.0    1.04   2.01    1.0    1.11  1.26   1.91  1.33   1.32   1.97   1.62   1.99
Jack     0.0    0.00    0.0    1.00   1.00    0.0    0.00  1.00   1.00  0.00   1.00   1.00   1.00   0.00
Kevin    0.0    3.51    1.0    3.67   3.50    1.0    1.65  2.53   3.24  2.19   2.05   3.31   2.94   3.04
Lucas    0.0    1.00    1.0    0.00   0.98    1.0    1.00  0.98   1.00  1.00   1.00   0.46   0.95   1.00
Max      0.0   19.24    1.0   18.30  15.52    1.0    1.63  5.39  14.97  3.15   2.97  13.50   1.00  11.43
Natan    0.0    0.00    0.0   14.05   1.43    0.0    0.00  4.36   2.05  0.00   2.42   1.39   9.18   0.00

AVERAGE POINTS (stochastic):
          Alex      Bob   Clara    Denis    Emma   Frida  George     Hank    Ivan    Jack    Kevin    Lucas      Max   Natan
Alex    200.00  1000.00  204.00  1000.00  960.00  204.00  280.00  600.080  920.16  399.24  400.800  954.920  609.080  600.84
Bob       0.00   600.00  600.00     3.00  570.00  600.00  600.00  297.870  539.82  600.00  450.210  565.110  308.640  600.00
Clara   199.00   600.00  600.00   450.00  588.00  600.00  600.00  449.370  578.69  600.00  449.060  585.370  414.930  600.00
Denis     0.00   998.00  450.00   400.00  940.00    9.00  476.00  450.630  885.30  525.85  450.110  928.980  507.320  398.20
Emma     10.00   620.00  593.00    40.00  580.00   71.00  593.00  317.830  558.87  599.66  456.090  564.880  325.620  592.13
Frida   199.00   600.00  600.00   989.00  921.00  600.00  600.00  597.900  896.26  600.00  401.440  897.920  581.380  600.00
George  180.00   600.00  600.00   421.00  588.00  600.00  600.00  433.900  575.02  600.00  455.400  583.730  402.440  600.00
Hank     99.98   801.42  452.12   451.08  763.68  107.00  484.10  450.045  729.55  540.28  449.980  755.880  457.260  462.27
Ivan     19.96   640.12  579.24    81.35  609.02   52.91  582.77  330.000  578.27  593.77  454.070  604.090  340.250  577.83
Jack    150.19   600.00  600.00   376.95  583.56  600.00  600.00  412.480  568.72  600.00  457.370  581.050  386.050  600.00
Kevin   149.80   699.86  451.26   451.31  675.24  162.54  500.40  452.080  653.37  559.17  449.595  662.910  434.210  525.84
Lucas    11.27   623.26  586.17    48.78  602.83   99.57  588.88  322.180  560.09  597.80  456.560  587.435  332.470  584.13
Max      97.73   794.24  417.33   475.37  757.27  137.13  451.09  443.710  724.95  507.25  430.360  738.570  410.675  486.52
Natan    99.79   600.00  600.00   527.75  587.88  600.00  600.00  444.670  577.88  600.00  451.140  580.580  430.370  600.00

MEDIAN POINTS (stochastic):
         Alex     Bob  Clara   Denis   Emma  Frida  George   Hank   Ivan   Jack   Kevin  Lucas     Max  Natan
Alex    200.0  1000.0  204.0  1000.0  960.0  204.0   280.0  598.0  920.0  398.0  400.00  976.0  610.00  604.0
Bob       0.0   600.0  600.0     3.0  570.0  600.0   600.0  297.0  540.0  600.0  456.00  579.0  309.00  600.0
Clara   199.0   600.0  600.0   450.0  588.0  600.0   600.0  450.5  578.5  600.0  449.00  592.0  414.00  600.0
Denis     0.0   998.0  450.0   400.0  940.0    9.0   476.0  450.5  887.0  524.5  448.00  959.0  500.00  399.0
Emma     10.0   620.0  593.0    40.0  580.0   71.0   593.0  318.5  560.0  599.0  456.00  593.0  328.00  593.0
Frida   199.0   600.0  600.0   989.0  921.0  600.0   600.0  597.0  896.0  600.0  399.00  903.0  577.00  600.0
George  180.0   600.0  600.0   421.0  588.0  600.0   600.0  432.5  575.0  600.0  454.50  593.0  402.50  600.0
Hank    100.5   802.0  452.0   450.0  764.0  106.0   484.0  449.5  730.0  540.5  452.50  770.5  456.50  459.0
Ivan     20.0   640.0  579.0    80.0  608.5   44.5   583.0  330.5  578.5  593.0  453.50  617.5  340.50  578.0
Jack    150.5   600.0  600.0   377.5  584.0  600.0   600.0  412.0  569.0  600.0  456.50  590.0  391.00  600.0
Kevin   150.0   696.0  451.5   450.0  675.0  161.5   501.0  453.5  652.0  560.0  448.25  681.0  429.50  526.0
Lucas     6.0   614.0  592.5    29.0  587.0   93.0   594.0  320.0  556.0  598.0  457.00  592.0  324.50  594.0
Max      97.5   794.0  418.5   483.0  755.5  136.0   449.5  444.0  725.5  505.5  431.00  753.0  408.75  484.5
Natan    99.0   600.0  600.0   527.0  588.0  600.0   600.0  448.0  577.5  600.0  455.50  591.0  434.00  600.0

MODE POINTS (stochastic):
              Alex          Bob       Clara        Denis        Emma       Frida      George        Hank        Ivan        Jack       Kevin       Lucas         Max       Natan
Alex    200.041667  1000.083333  204.083333  1000.083333  960.083333  204.083333  280.083333  598.000000  909.666667  393.333333  403.666667  955.666667  593.666667  605.333333
Bob       0.083333   600.041667  600.083333     3.083333  570.083333  600.083333  600.083333  291.000000  551.250000  600.083333  452.000000  566.750000  321.750000  600.083333
Clara   199.083333   600.083333  600.041667   450.083333  588.083333  600.083333  600.083333  449.333333  578.583333  600.083333  459.833333  588.750000  422.916667  600.083333
Denis     0.083333   998.083333  450.083333   400.041667  940.083333    9.083333  476.083333  417.500000  889.666667  534.250000  443.750000  931.666667  522.666667  404.083333
Emma     10.083333   620.083333  593.083333    40.083333  580.041667   71.083333  593.083333  325.166667  565.500000  600.500000  466.250000  585.916667  345.916667  596.083333
Frida   199.083333   600.083333  600.083333   989.083333  921.083333  600.041667  600.083333  589.000000  887.333333  600.083333  403.000000  907.000000  576.333333  600.083333
George  180.083333   600.083333  600.083333   421.083333  588.083333  600.083333  600.041667  437.333333  579.500000  600.083333  452.583333  586.333333  390.750000  600.083333
Hank    100.500000   806.000000  454.333333   426.500000  768.916667  106.500000  479.583333  444.916667  729.750000  545.083333  460.333333  783.333333  442.083333  455.500000
Ivan     22.583333   639.500000  579.750000    78.000000  604.250000   27.416667  583.666667  329.750000  579.291667  592.083333  448.000000  616.833333  332.416667  569.250000
Jack    151.666667   600.083333  600.083333   371.083333  585.000000  600.083333  600.083333  408.250000  570.750000  600.041667  459.583333  584.416667  389.916667  600.083333
Kevin   149.083333   698.666667  443.083333   471.750000  667.083333  158.250000  510.833333  455.833333  641.250000  554.250000  447.000000  694.000000  417.916667  540.416667
Lucas    11.083333   622.166667  591.000000    47.083333  590.416667   58.916667  593.250000  316.750000  568.750000  598.250000  453.750000  588.000000  296.750000  591.416667
Max     101.583333   785.500000  422.916667   458.500000  746.333333  131.583333  439.083333  453.166667  728.583333  505.500000  432.583333  796.000000  405.833333  464.250000
Natan    98.666667   600.083333  600.083333   525.416667  585.666667  600.083333  600.083333  459.333333  578.416667  600.083333  446.916667  592.250000  459.750000  600.041667

VARIANCE POINTS (stochastic):
              Alex         Bob       Clara        Denis         Emma        Frida      George         Hank        Ivan        Jack        Kevin         Lucas          Max        Natan
Alex      0.000000    0.000000    0.000000     0.000000     0.000000     0.000000    0.000000  1101.569293  303.812525  539.699394   628.363636   3321.165253  2699.589495   552.176162
Bob       0.000000    0.000000    0.000000     0.000000     0.000000     0.000000    0.000000   374.599091  179.785455    0.000000   420.410000   1718.664545   952.050909     0.000000
Clara     0.000000    0.000000    0.000000     0.000000     0.000000     0.000000    0.000000   264.073838   19.165556    0.000000   648.784242    297.912222   515.257677     0.000000
Denis     0.000000    0.000000    0.000000     0.000000     0.000000     0.000000    0.000000  1243.427374  463.848485  248.997475   462.038283  10443.595556  4735.068283   182.444444
Emma      0.000000    0.000000    0.000000     0.000000     0.000000     0.000000    0.000000   425.132424  148.619293   15.741818   362.931212   4612.975354  1421.934949    70.255657
Frida     0.000000    0.000000    0.000000     0.000000     0.000000     0.000000    0.000000   668.474747  488.941818    0.000000   506.794343   1306.134949  1917.470303     0.000000
George    0.000000    0.000000    0.000000     0.000000     0.000000     0.000000    0.000000   185.161616   37.979394    0.000000   425.717172    659.350606   805.077172     0.000000
Hank     68.848081  166.488485  267.359192  1236.943030   196.765253    61.111111  115.262626   399.436263  425.058081  314.122828   483.029899   2781.844040  1483.588283   823.209192
Ivan     18.988283   79.904646   20.972121   244.270202    61.918788   816.587778   15.229394   524.000000   51.382222   43.896061   339.560707   2066.607980  1232.250000   242.526364
Jack     33.731212    0.000000    0.000000   206.492424     6.996364     0.000000    0.000000   292.332929   68.062222    0.000000   409.023333    614.209596   743.239899     0.000000
Kevin    39.272727  186.848889  635.446869   454.761515   149.174141    99.644848  247.636364   461.185455  220.275859  330.162727  1196.054444   2172.749394  1160.975657   770.681212
Lucas   207.572828  763.850909  265.960707  4606.072323  1718.586970  1329.964747  217.136970   988.734949  949.254444   28.666667   296.673131    952.457677  2499.019293   962.134444
Max     168.724343  423.133737  534.021313  4793.548586   586.259697   295.265758  463.678687   680.753434  691.603535  370.250000   530.212525   5434.429394  1254.856061  1661.464242
Natan    34.511010    0.000000    0.000000   210.553030    30.349091     0.000000    0.000000   666.485960  121.581414    0.000000   542.000404   1158.367273  1964.518283     0.000000

